1,2,3,4,5,6,7,8,9
0,52,11,3,25,14,39,11,20
52,0,44,54,33,55,20,46,36
11,44,0,13,17,18,30,3,17
3,54,13,0,26,16,41,12,19
25,33,17,26,0,33,23,19,26
14,55,18,16,33,0,42,16,20
39,20,30,41,23,42,0,33,24
11,46,3,12,19,16,33,0,14
20,36,17,19,26,20,24,14,0
